74
615
000000000000000000000000000000000000000000000000000000000000000000000000000000000000000000000000000000000000000000000000000000000000000000000000000000000000000000000000000000000000000000000000000000000000000000000000000000000000000000000000000000000000000000000000000000000000000000000000000000000000000000000000000000000000000000000000000000000000000000000000000000000000000000000000000000000000000000000000000000000000000000000000000000000000000000000000000000000000000000000000000000000000000000000000000000000000000000000000000000000000000000000000000000000000000000000000000000000000000000000000000000000000000
000000000000000000000000000000000000000000000000000000000000000000000000000000000000000000000000000000000000000000000000000000000000000000000000000000000000000000000000000000000000000000000000000000000000000000000000000000000000000000000000000000000000000000000000000000000000000000000000000000000000000000000000000000000000000000000000000000000000000000000000000000000000000000000000000000000000000000000000000000000000000000000000000000000000000000000000000000000000000000000000000000000000000000000000000000000000000000000000000000000000000000000000000000000000000000000000000000000000000000000000000000000000000
000000000000000000000000000000000000000000000000000000000000000000000000000000000000000000000000000000000000000000000000000000000000000000000000000000000000000000000000000000000000000000000000000000000000000000000000000000000000000000000000000000000000000000000000000000000000000000000000000000000000000000000000000000000000000000000000000000000000000000000000000000000000000000000000000000000000000000000000000000000000000000000000000000000000000000000000000000000000000000000000000000000000000000000000000000000000000000000000000000000000000000000000000000000000000000000000000000000000000000000000000000000000000
000000000000000000000000000000000000000000000000000000000000000000000000000000000000000000000000000000000000000000000000000000000000000000000000000000000000000000000000000000000000000000000000000000000000000000000000000000000001110000001110000000000000000000000000000000000000000000000000000000000000000000000001110000000000000000000000000000000000000000000000000000000000000000000000000000000000000000000000000000000000000000000000000000000000000000000000000000000000000000000000000000000000000000000000000000000000000000000000000000000000000000000011100000000000000000000000000000000000000000000000000000000000000
000000000000000000000000000000000000000000000000000000000000000000000000000000000000000000000000000000000000000000000000000000000000000000000000000000000000000000000000000000000000000000000000000000000000000000000000000000000001110000001110000000000000000000000000000000000000000000000000000000000000000000000001110000000000000000000000000000000011100000000000000000000000000000000000000000000000000000000000000000000000000000000000000000000000000000000000000000000000000000000000000000000000000000000000000000000000000000000000000000000000000000000011100000000000000000000000000000000000000000000000000000000000000
000000000111100000000000001111111000000000001111111111110000000000000111100000000000000001111111000000000001111110000000000000011111100000000000111111111111000000000000000000000000001111000000000001110000000000000000000000000001110000001110000000000000000000000000000000001111111111111110000000000000000000000001110000000000000000000000000000000011110000000000000000000000000000000000000000000000000000000000000000000000000000000000000000000000000000000000000111110000000000000000011110000000000000000000000000000000000000000000000000000000000000000011100000000000000000000000000000000000000000000000000000000000000
000000001111100000000000111111111110000000011111111111110000000000001111100000000000000111111111100000000111111111100000000011111111111000000001111111111111000000000000000000000000011111100000000001110000000000000000000000000001110000001110000000000000000000000000000000011111111111111110000000000000000000000001110000000000000000000000000000000011110000000000000000000000000000000000000000000000000000000000000000000000000000000000000000000000000000000000001111110000000000000000111111000000000000000000000000000000000000000000000000000000000000000011100000000000000000000000000000000000000000000000000000000000000
000000011111100000000001111111111111000000011111111111110000000000011111100000000000001111111111100000001111111111110000000111111111111100000001111111111111000000000000000000000000011111100000000001110000000000000000000000000001110000001110000000000000000000000000000000001111111111111110000000000000000000000001110000000000000000000000000000000011100000000000000000000000000000000000000000000000000000000000000000000000000000000000000000000000000000000000001111111000000000000000111111000000000000000000000000000000000000000000000000000000000000000011100000000000000000000000000000000000000000000000000000000000000
000001111111100000000001110000011111000000011100000000000000000001111111100000000000011111000000100000011111000011111000000111000001111100000001110000000000000000000000000000000000011111110000000001110000000000000000000000000001110000001110000000000000000000000000000000000000000000011110000000000000000000000001110000000000000000000000000000000000000000000000000000000000000000000000000000000000000000000000000000000000000000000000000000000000000000000000001111111000000000000001111111000000000000000000000000000000000000000000000000000000000000000011100000000000000000000000000000000000000000000000000000000000000
000011111111100000000001000000000111100000011100000000000000000011111111100000000000111100000000000000011110000000111100000100000000111110000001110000000000000000000000000000000000011111111000000001110000000000000000000000000001110000001110000000000000000000000000000000000000000000011100000000000000000000000001110000000000000000000000000000000000000000000000000000000000000000000000000000000000000000000000000000000000000000000000000000000000000000000000001111111100000000000001110111000000000000000000000000000000000000000000000000000000000000000011100000000000000000000000000000000000000000000000000000000000000
000111100111100000000000000000000111100000011100000000000000000111100111100000000000111000000000000000111100000000111100000000000000011110000001110000000000000000000000000000000000011101111000000001110000000000000000000000000001110000001110000000000000000000000000000000000000000000111100000000000000000000000001110000000000000000000000000000000000000000000000000000000000000000000000000000000000000000000000000000000000000000000000000000000000000000000000001111011100000000000011100111000000000000000000000000000000000000000000000000000000000000000011100000000000000000000000000000000000000000000000000000000000000
000110000111100000000000000000000111100000011100000000000000000110000111100000000001111000000000000000111100000000011100000000000000011110000001110000000000000000000000000000000000011110111100000001110000000000011111100000000001110000001110000000011111111000000000000000000000000001111000000000111111110000000001110000111110000000001110001111000011100000011100011111000000000000111111110000000000000000000000000000000000000000000000000000000000000000000000001111011110000000000011100111000000001111111100000000000011111111111000000000111111000000000011100000000111111110000000001110001111100000000000001111111111100
000000000111100000000000000000000111000000011100000000000000000000000111100000000001110000000000000000111000000000011110000000000000011110000001110000000000000000000000000000000000011110111100000001110000000001111111111000000001110000001110000001111111111100000000000000000000000001110000000011111111111000000001110011111111000000001110111111000011100000011100111111110000000011111111111000000000000000000000000000000000000000000000000000000000000000000000001111001110000000000111100111000000111111111110000000001111111111111100000011111111110000000011100000011111111111000000001110011111111000000000111111111111110
000000000111100000000000000000001111000000011100000000000000000000000111100000000001110000000000000000111000000000011110000000000000011110000001110000000000000000000000000000000000011110011110000001110000000011111111111100000001110000001110000001111111111110000000000000000000000011110000000011111111111100000001111111111111100000001111111111000011100000011111111111111000000011111111111100000000000000000000000000000000000000000000000000000000000000000000001111001110000000000111000111000000111111111111000000011111111111111000000111111111111000000011100000011111111111100000001111111111111100000001111111111111100
000000000111100000000000000000011110000000011111111110000000000000000111100000000011110000000000000000111000000000011110000000000000011100000001111111111000000000000000000000000000011110001110000001110000000111110000011110000001110000001110000001100000001111000000000000000000000111100000000011000000011110000001111110000111110000001111110000000011100000011111100001111000000011000000011110000000000000000000000000000000000000000000000000000000000000000000001111001111000000000111000111000000110000000111100000011110000111100000001111100000111100000011100000011000000011110000001111110000111100000001111000011110000
000000000111100000000000011111111100000000011111111111100000000000000111100000000011110011111110000001111000000000011110000000000000111100000001111111111110000000000000000000000000011110001111000001110000000111000000001110000001110000001110000000000000000111000000000000000000000111000000000000000000001110000001111100000011110000001111100000000011100000011111000000111100000000000000001110000000000000000000000000000000000000000000000000000000000000000000001111000111000000001110000111000000000000000011100000111100000011100000001110000000011100000011100000000000000001110000001111100000011110000011110000001110000
000000000111100000000000011111111000000000011111111111110000000000000111100000000011111111111111000001111000000000011110000000000000111100000001111111111111000000000000000000000000011110000111000001110000001111000000000111000001110000001110000000000000000111000000000000000000001111000000000000000000001110000001111000000001111000001111000000000011100000011110000000111100000000000000001110000000000000000000000000000000000000000000000000000000000000000000001111000111100000001110000111000000000000000011100000111000000011110000011110000000001110000011100000000000000001110000001111000000011110000011100000001111000
000000000111100000000000011111111110000000000000000111111000000000000111100000000011111111111111100001111000000000011110000000000001111000000000000000011111100000000000000000000000011110000111100001110000001110000000000111000001110000001110000000000000000111000000000000000000011110000000000000000000001110000001110000000001111000001110000000000011100000011100000000011100000000000000001110000000000000000000000000000000000000000000000000000000000000000000001111000011100000011100000111000000000000000011100000111000000001110000011100000000001110000011100000000000000001110000001110000000001110000011100000000111000
000000000111100000000000000000011111000000000000000001111000000000000111100000000011111100000111110001111000000000011110000000000011110000000000000000000111100000000000000000000000011110000011110001110000001111111111111111000001110000001110000000000111111111000000000000000000011100000000000000001111111110000001110000000000111000001110000000000011100000011100000000011100000000001111111110000000000000000000000000000000000000000000000000000000000000000000001111000011100000011100000111000000000011111111100000111000000011110000011111111111111110000011100000000001111111110000001110000000001110000011100000001111000
000000000111100000000000000000000111100000000000000000111100000000000111100000000011110000000001110001111000000000011110000000000011110000000000000000000011110000000000000000000000011110000011110001110000001111111111111111000001110000001110000000111111111111000000000000000000111100000000000001111111111110000001110000000000111000001110000000000011100000011100000000011100000001111111111110000000000000000000000000000000000000000000000000000000000000000000001111000011110000111100000111000000011111111111100000111100000011100000011111111111111110000011100000001111111111110000001110000000001110000011110000001110000
000000000111100000000000000000000011110000000000000000111100000000000111100000000011110000000001111000111000000000011110000000000111100000000000000000000011110000000000000000000000011110000001111001110000001111111111111111000001110000001110000001111111111111000000000000000001111000000000000011111111111110000001110000000000111000001110000000000011100000011100000000011100000011111111111110000000000000000000000000000000000000000000000000000000000000000000001111000001110000111000000111000000111111111111100000011110000111100000011111111111111110000011100000011111111111110000001110000000001110000001111000011110000
000000000111100000000000000000000011110000000000000000111100000000000111100000000011110000000001111000111000000000011110000000001111000000000000000000000011110000000000000000000000011110000000111001110000001110000000000000000001110000001110000011111000000111000000000000000001110000000000000111110000001110000001110000000000111000001110000000000011100000011100000000011100000111110000001110000000000000000000000000000000000000000000000000000000000000000000001111000001111000111000000111000001111100000011100000011111111111000000011100000000000000000011100000111110000001110000001110000000001110000001111111111100000
000000000111100000000000000000000011110000000000000000111100000000000111100000000011110000000001111000111000000000011100000000011110000000000000000000000011110000000000000000000000011110000000111101110000001110000000000000000001110000001110000011110000000111000000000000000011110000000000000111100000001110000001110000000000111000001110000000000011100000011100000000011100000111100000001110000000000000000000000000000000000000000000000000000000000000000000001111000001111001110000000111000001111000000011100000011111111111000000011100000000000000000011100000111100000001110000001110000000001110000001111111111100000
000000000111100000000000000000000011110000000000000000111100000000000111100000000001110000000001111000111100000000011100000000111100000000000000000000000011110000000000000000000000011110000000011101110000001111000000000000000001110000001110000011100000000111000000000000000111100000000000000111000000001110000001110000000001111000001110000000000011100000011100000000011100000111000000001110000000000000000000000000000000000000000000000000000000000000000000001111000000111001110000000111000001110000000011100000111011111100000000011110000000000000000011100000111000000001110000001110000000001110000011101111110000000
000000000111100000000000000000000011110000000000000000111000000000000111100000000001110000000001110000111100000000111100000001111000000000000000000000000011100000000000000000000000011110000000011111110000001111000000000000000001110000001110000011100000000111000000000000000111100000000000000111000000001110000001111000000001111000001110000000000011100000011100000000011100000111000000001110000000000000000000000000000000000000000000000000000000000000000000001111000000111111110000000111000001110000000011100000111000000000000000011110000000000000000011100000111000000001110000001110000000001110000011100000000000000
000000000111100000000011000000000111100000000000000001111000000000000111100000000001111000000011110000011110000000111000000011110000000000000000000000000111100000000000000000000000011110000000001111110000000111100000000000000001110000001110000011100000001111000000000000001111000000000000000111000000011110000001111100000011110000001110000000000011100000011100000000011100000111000000011110000000000000000000000000000000000000000000000000000000000000000000001111000000011111100000000111000001110000000111100000111000000000000000001111000000000000000011100000111000000011110000001110000000001110000011100000000000000
000000000111100000000011110000001111100000110000000111110000000000000111100000000000111100000111100000011111000011111000000111100000000000000011000000011111000000000000000000000000011110000000001111110000000111110000000110000001110000001110000011110000111111000000000000001110000000000000000111100001111110000001111110000111110000001110000000000011100000011100000000011100000111100001111110000000000000000000000000000000000000000000000000000000000000000000001111000000011111100000000111000001111000011111100000111111111111000000001111100000001100000011100000111100001111110000001110000000001110000011111111111100000
000011111111111111000011111111111111000000111111111111110000000011111111111111000000111111111111100000001111111111110000001111111111111111000011111111111111000000000000000000000000011110000000000111110000000011111111111110000001110000001110000001111111111111000000000000011111111111111111000011111111111110000001111111111111100000001110000000000011100000011100000000011100000011111111111110000000000000000000000000000000000000000000000000000000000000000000001111000000011111000000000111000000111111111111100000011111111111110000000111111111111100000011100000011111111111110000001110000000001110000001111111111111000
000011111111111111000001111111111110000000111111111111000000000011111111111111000000011111111110000000000111111111100000001111111111111111000011111111111100000000000000000000000000011110000000000011110000000001111111111110000001110000001110000000111111110111000000000000011111111111111111000001111111101110000001110111111111000000001110000000000011100000011100000000011100000001111111101110000000000000000000000000000000000000000000000000000000000000000000001111000000001111000000000111000000011111111011100000011111111111111000000011111111111100000011100000001111111101110000001110000000001110000001111111111111100
000011111111111111000000001111110000000000000111111100000000000011111111111111000000000111111000000000000001111110000000001111111111111111000000011111110000000000000000000000000000011100000000000011110000000000011111111000000001110000001110000000011111100011000000000000011111111111111111000000111111000110000001110001111100000000001110000000000011100000011100000000011100000000111111000110000000000000000000000000000000000000000000000000000000000000000000001110000000001110000000000111000000001111110001100000111100000001111000000000111111110000000011100000000111111000110000001110000000001110000011110000000111100
000000000000000000000000000000000000000000000000000000000000000000000000000000000000000000000000000000000000000000000000000000000000000000000000000000000000000000000000000000000000000000000000000000000000000000000000000000000000000000000000000000000000000000000000000000000000000000000000000000000000000000000000000000000000000000000000000000000000000000000000000000000000000000000000000000000000000000000000000000000000000000000000000000000000000000000000000000000000000000000000000000000000000000000000000001111000000000111000000000000000000000000000000000000000000000000000000000000000000000000111100000000011100
000000000000000000000000000000000000000000000000000000000000000000000000000000000000000000000000000000000000000000000000000000000000000000000000000000000000000000000000000000000000000000000000000000000000000000000000000000000000000000000000000000000000000000000000000000000000000000000000000000000000000000000000000000000000000000000000000000000000000000000000000000000000000000000000000000000000000000000000000000000000000000000000000000000000000000000000000000000000000000000000000000000000000000000000000001110000000000111000000000000000000000000000000000000000000000000000000000000000000000000111000000000011100
000000000000000000000000000000000000000000000000000000000000000000000000000000000000000000000000000000000000000000000000000000000000000000000000000000000000000000000000000000000000000000000000000000000000000000000000000000000000000000000000000000000000000000000000000000000000000000000000000000000000000000000000000000000000000000000000000000000000000000000000000000000000000000000000000000000000000000000000000000000000000000000000000000000000000000000000000000000000000000000000000000000000000000000000000001110000000000111000000000000000000000000000000000000000000000000000000000000000000000000111000000000011100
000000000000000000000000000000000000000000000000000000000000000000000000000000000000000000000000000000000000000000000000000000000000000000000000000000000000000000000000000000000000000000000000000000000000000000000000000000000000000000000000000000000000000000000000000000000000000000000000000000000000000000000000000000000000000000000000000000000000000000000000000000000000000000000000000000000000000000000000000000000000000000000000000000000000000000000000000000000000000000000000000000000000000000000000000001111100000011111000000000000000000000000000000000000000000000000000000000000000000000000111110000001111100
000000000000000000000000000000000000000000000000000000000000000000000000000000000000000000000000000000000000000000000000000000000000000000000000000000000000000000000000000000000000000000000000000000000000000000000000000000000000000000000000000000000000000000000000000000000000000000000000000000000000000000000000000000000000000000000000000000000000000000000000000000000000000000000000000000000000000000000000000000000000000000000000000000000000000000000000000000000000000000000000000000000000000000000000000000111111111111110000000000000000000000000000000000000000000000000000000000000000000000000011111111111111000
000000000000000000000000000000000000000000000000000000000000000000000000000000000000000000000000000000000000000000000000000000000000000000000000000000000000000000000000000000000000000000000000000000000000000000000000000000000000000000000000000000000000000000000000000000000000000000000000000000000000000000000000000000000000000000000000000000000000000000000000000000000000000000000000000000000000000000000000000000000000000000000000000000000000000000000000000000000000000000000000000000000000000000000000000000011111111111100000000000000000000000000000000000000000000000000000000000000000000000000001111111111110000
000000000000000000000000000000000000000000000000000000000000000000000000000000000000000000000000000000000000000000000000000000000000000000000000000000000000000000000000000000000000000000000000000000000000000000000000000000000000000000000000000000000000000000000000000000000000000000000000000000000000000000000000000000000000000000000000000000000000000000000000000000000000000000000000000000000000000000000000000000000000000000000000000000000000000000000000000000000000000000000000000000000000000000000000000000000111111110000000000000000000000000000000000000000000000000000000000000000000000000000000011111111000000
000000000000000000000000000000000000000000000000000000000000000000000000000000000000000000000000000000000000000000000000000000000000000000000000000000000000000000000000000000000000000000000000000000000000000000000000000000000000000000000000000000000000000000000000000000000000000000000000000000000000000000000000000000000000000000000000000000000000000000000000000000000000000000000000000000000000000000000000000000000000000000000000000000000000000000000000000000000000000000000000000000000000000000000000000000000000000000000000000000000000000000000000000000000000000000000000000000000000000000000000000000000000000
000000000000000000000000000000000000000000000000000000000000000000000000000000000000000000000000000000000000000000000000000000000000000000000000000000000000000000000000000000000000000000000000000000000000000000000000000000000000000000000000000000000000000000000000000000000000000000000000000000000000000000000000000000000000000000000000000000000000000000000000000000000000000000000000000000000000000000000000000000000000000000000000000000000000000000000000000000000000000000000000000000000000000000000000000000000000000000000000000000000000000000000000000000000000000000000000000000000000000000000000000000000000000
000000000000000000000000000000000000000000000000000000000000000000000000000000000000000000000000000000000000000000000000000000000000000000000000000000000000000000000000000000000000000000000000000000000000000000000000000000000000000000000000000000000000000000000000000000000000000000000000000000000000000000000000000000000000000000000000000000000000000000000000000000000000000000000000000000000000000000000000000000000000000000000000000000000000000000000000000000000000000000000000000000000000000000000000000000000000000000000000000000000000000000000000000000000000000000000000000000000000000000000000000000000000000
000000000000000000000000000000000000000000000000000000000000000000000000000000000000000000000000000000000000000000000000000000000000000000000000000000000000000000000000000000000000000000000000000000000000000000000000000000000000000000000000000000000000000000000000000000000000000000000000000000000000000000000000000000000000000000000000000000000000000000000000000000000000000000000000000000000000000000000000000000000000000000000000000000000000000000000000000000000000000000000000000000000000000000000000000000000000000000000000000000000000000000000000000000000000000000000000000000000000000000000000000000000000000
000000000000000000000000000000000000000000000000000000000000000000000000000000000000000000000000000000000000000000000000000000000000000000000000000000000000000000000000000000000000000000000000000000000000000000000000000000000000000000000000000000000000000000000000000000000000000000000000000000000000000000000000000000000000000000000000000000000000000000000000000000000000000000000000000000000000000000000000000000000000000000000000000000000000000000000000000000000000000000000000000000000000000000000000000000000000000000000000000000000000000000000000000000000000000000000000000000000000000000000000000000000000000
000000000000000000000000000000000000000000000000000000000000000000000000000000000000000000000000000000000000000000000000000000000000000000000000000000000000000000000000000000000000000000000000000000000000000000000000000000000000000000000000000000000000000000000000000000000000000000000000000000000000000000000000000000000000000000000000000000000000000000000000000000000000000000000000000000000000000000000000000000000000000000000000000000000000000000000000000000000000000000000000000000000000000000000000000000000000000000000000000000000000000000000000000000000000000000000000000000000000000000000000000000000000000
000000000000000000000000000000000000000000000000000000000000000000000000000000000000000000000000000000000000000000000000000000000000000000000000000000000000000000000000000000000000000000000000000000000000000000000000000000000000000000000000000000000000000000000000000000000000000000000000000000000000000000000000000000000000000000000000000000000000000000000000000000000000000000000000000000000000000000000000000000000000000000000000000000000000000000000000000000000000000000000000000000000000000000000000000000000000000000000000000000000000000000000000000000000000000000000000000000000000000000000000000000000000000
000000000000000000000000000000000000000000000000000000000000000000000000000000000000000000000000000000000000000000000000000000000000000000000000000000000000000000000000000000000000000000000000000000000000000000000000000000000000000000000000000000000000000000000000000000000000000000000000000000000000000000000000000000000000000000000000000000000000000000000000000000000000000000000000000000000000000000000000000000000000000000000000000000000000000000000000000000000000000000000000000000000000000000000000000000000000000000000000000000000000000000000000000000000000000000000000000000000000000000000000000000000000000
000000000000000000000000000000000000000000000000000000000000000000000000000000000000000000000000000000000000000000000000000000000000000000000000000000000000000000000000000000000000000000000000000000000000000000000000000000000000000000000000000000000000000000000000000000000000000000000000000000000000000000000000000000000000000000000000000000000000000000000000000000000000000000000000000000000000000000000000000000000000000000000000000000000000000000000000000000000000000000000000000000000000000000000000000000000000000000000000000000000000000000000000000000000000000000000000000000000000000000000000000000000000000
000000000000000000000000000000000000000000000000000000000000000000000000000000000000000000000000000000000000000000000000000000000000000000000000000000000000000000000000000000000000000000000000000000000000000000000000000000000000000000000000000000000000000000000000000000000000000000000000000000000000000000000000000000000000000000000000000000000000000000000000000000000000000000000000000000000000000000000000000000000000000000000000000000000000000000000000000000000000000000000000000000000000000000000000000000000000000000000000000000000000000000000000000000000000000000000000000000000000000000000000000000000000000
000000000000000000000000000000000000000000000000000000000000000000000000000000000000000000000000000000000000000000000000000000000000000000000000000000000000000000000000000000000000000000000000000000000000000000000000000000000000000000000000000000000000000000000000000000000000000000000000000000000000000000000000000000000000000000000000000000000000000000000000000000000000000000000000000000000000000000000000000000000000000000000000000000000000000000000000000000000000000000000000000000000000000000000000000000000000000000000000000000000000000000000000000000000000000000000000000000000000000000000000000000000000000
000000000000000000000000000000000000000000000000000000000000000000000000000000000000000000000000000000000000000000000000000000000000000000000000000000000000000000000000000000000000000000000000000000000000000000000000000000000000000000000000000000000000000000000000000000000000000000000000000000000000000000000000000000000000000000000000000000000000000000000000000000000000000000000000000000000000000000000000000000000000000000000000000000000000000000000000000000000000000000000000000000000000000000000000000000000000000000000000000000000000000000000000000000000000000000000000000000000000000000000000000000000000000
000000000000000000000000000000000000000000000000000000000000000000000000000000000000000000000000000000000000000000000000000000000000000000000000000000000000000000000000000000000000000000000000000000000000000000000000000000000000000000000000000000000000000000000000000000000000000000000000000000000000000000000000000000000000000000000000000000000000000000000000000000000000000000000000000000000000000000000000000000000000000000000000000000000000000000000000000000000000000000000000000000000000000000000000000000000000000000000000000000000000000000000000000000000000000000000000000000000000000000000000000000000000000
000000000000000000000000000000000000000000000000000000000000000000000000000000000000000000000000000000000000000000000000000000000000000000000000000000000000000000000000000000000000000000000000000000000000000000000000000000000000000000000000000000000000000000000000000000000000000000000000000000000000000000000000000000000000000000000000000000000000000000000000000000000000000000000000000000000000000000000000000000000000000000000000000000000000000000000000000000000000000000000000000000000000000000000000000000000000000000000000000000000000000000000000000000000000000000000000000000000000000000000000000000000000000
000000000000000000000000000000000000000000000000000000000000000000000000000000000000000000000000000000000000000000000000000000000000000000000000000000000000000000000000000000000000000000000000000000000000000000000000000000000000000000000000000000000000000000000000000000000000000000000000000000000000000000000000000000000000000000000000000000000000000000000000000000000000000000000000000000000000000000000000000000000000000000000000000000000000000000000000000000000000000000000000000000000000000000000000000000000000000000000000000000000000000000000000000000000000000000000000000000000000000000000000000000000000000
000000000000000000000000000000000000000000000000000000000000000000000000000000000000000000000000000000000000000000000000000000000000000000000000000000000000000000000000000000000000000000000000000000000000000000000000000000000000000000000000000000000000000000000000000000000000000000000000000000000000000000000000000000000000000000000000000000000000000000000000000000000000000000000000000000000000000000000000000000000000000000000000000000000000000000000000000000000000000000000000000000000000000000000000000000000000000000000000000000000000000000000000000000000000000000000000000000000000000000000000000000000000000
000000000000000000000000000000000000000000000000000000000000000000000000000000000000000000000000000000000000000000000000000000000000000000000000000000000000000000000000000000000000000000000000000000000000000000000000000000000000000000000000000000000000000000000000000000000000000000000000000000000000000000000000000000000000000000000000000000000000000000000000000000000000000000000000000000000000000000000000000000000000000000000000000000000000000000000000000000000000000000000000000000000000000000000000000000000000000000000000000000000000000000000000000000000000000000000000000000000000000000000000000000000000000
000000000000000000000000000000000000000000000000000000000000000000000000000000000000000000000000000000000000000000000000000000000000000000000000000000000000000000000000000000000000000000000000000000000000000000000000000000000000000000000000000000000000000000000000000000000000000000000000000000000000000000000000000000000000000000000000000000000000000000000000000000000000000000000000000000000000000000000000000000000000000000000000000000000000000000000000000000000000000000000000000000000000000000000000000000000000000000000000000000000000000000000000000000000000000000000000000000000000000000000000000000000000000
000000000000000000000000000000000000000000000000000000000000000000000000000000000000000000000000000000000000000000000000000000000000000000000000000000000000000000000000000000000000000000000000000000000000000000000000000000000000000000000000000000000000000000000000000000000000000000000000000000000000000000000000000000000000000000000000000000000000000000000000000000000000000000000000000000000000000000000000000000000000000000000000000000000000000000000000000000000000000000000000000000000000000000000000000000000000000000000000000000000000000000000000000000000000000000000000000000000000000000000000000000000000000
000000000000000000000000000000000000000000000000000000000000000000000000000000000000000000000000000000000000000000000000000000000000000000000000000000000000000000000000000000000000000000000000000000000000000000000000000000000000000000000000000000000000000000000000000000000000000000000000000000000000000000000000000000000000000000000000000000000000000000000000000000000000000000000000000000000000000000000000000000000000000000000000000000000000000000000000000000000000000000000000000000000000000000000000000000000000000000000000000000000000000000000000000000000000000000000000000000000000000000000000000000000000000
000000000000000000000000000000000000000000000000000000000000000000000000000000000000000000000000000000000000000000000000000000000000000000000000000000000000000000000000000000000000000000000000000000000000000000000000000000000000000000000000000000000000000000000000000000000000000000000000000000000000000000000000000000000000000000000000000000000000000000000000000000000000000000000000000000000000000000000000000000000000000000000000000000000000000000000000000000000000000000000000000000000000000000000000000000000000000000000000000000000000000000000000000000000000000000000000000000000000000000000000000000000000000
000000000000000000000000000000000000000000000000000000000000000000000000000000000000000000000000000000000000000000000000000000000000000000000000000000000000000000000000000000000000000000000000000000000000000000000000000000000000000000000000000000000000000000000000000000000000000000000000000000000000000000000000000000000000000000000000000000000000000000000000000000000000000000000000000000000000000000000000000000000000000000000000000000000000000000000000000000000000000000000000000000000000000000000000000000000000000000000000000000000000000000000000000000000000000000000000000000000000000000000000000000000000000
000000000000000000000000000000000000000000000000000000000000000000000000000000000000000000000000000000000000000000000000000000000000000000000000000000000000000000000000000000000000000000000000000000000000000000000000000000000000000000000000000000000000000000000000000000000000000000000000000000000000000000000000000000000000000000000000000000000000000000000000000000000000000000000000000000000000000000000000000000000000000000000000000000000000000000000000000000000000000000000000000000000000000000000000000000000000000000000000000000000000000000000000000000000000000000000000000000000000000000000000000000000000000
000000000000000000000000000000000000000000000000000000000000000000000000000000000000000000000000000000000000000000000000000000000000000000000000000000000000000000000000000000000000000000000000000000000000000000000000000000000000000000000000000000000000000000000000000000000000000000000000000000000000000000000000000000000000000000000000000000000000000000000000000000000000000000000000000000000000000000000000000000000000000000000000000000000000000000000000000000000000000000000000000000000000000000000000000000000000000000000000000000000000000000000000000000000000000000000000000000000000000000000000000000000000000
000000000000000000000000000000000000000000000000000000000000000000000000000000000000000000000000000000000000000000000000000000000000000000000000000000000000000000000000000000000000000000000000000000000000000000000000000000000000000000000000000000000000000000000000000000000000000000000000000000000000000000000000000000000000000000000000000000000000000000000000000000000000000000000000000000000000000000000000000000000000000000000000000000000000000000000000000000000000000000000000000000000000000000000000000000000000000000000000000000000000000000000000000000000000000000000000000000000000000000000000000000000000000
000000000000000000000000000000000000000000000000000000000000000000000000000000000000000000000000000000000000000000000000000000000000000000000000000000000000000000000000000000000000000000000000000000000000000000000000000000000000000000000000000000000000000000000000000000000000000000000000000000000000000000000000000000000000000000000000000000000000000000000000000000000000000000000000000000000000000000000000000000000000000000000000000000000000000000000000000000000000000000000000000000000000000000000000000000000000000000000000000000000000000000000000000000000000000000000000000000000000000000000000000000000000000
000000000000000000000000000000000000000000000000000000000000000000000000000000000000000000000000000000000000000000000000000000000000000000000000000000000000000000000000000000000000000000000000000000000000000000000000000000000000000000000000000000000000000000000000000000000000000000000000000000000000000000000000000000000000000000000000000000000000000000000000000000000000000000000000000000000000000000000000000000000000000000000000000000000000000000000000000000000000000000000000000000000000000000000000000000000000000000000000000000000000000000000000000000000000000000000000000000000000000000000000000000000000000
000000000000000000000000000000000000000000000000000000000000000000000000000000000000000000000000000000000000000000000000000000000000000000000000000000000000000000000000000000000000000000000000000000000000000000000000000000000000000000000000000000000000000000000000000000000000000000000000000000000000000000000000000000000000000000000000000000000000000000000000000000000000000000000000000000000000000000000000000000000000000000000000000000000000000000000000000000000000000000000000000000000000000000000000000000000000000000000000000000000000000000000000000000000000000000000000000000000000000000000000000000000000000
000000000000000000000000000000000000000000000000000000000000000000000000000000000000000000000000000000000000000000000000000000000000000000000000000000000000000000000000000000000000000000000000000000000000000000000000000000000000000000000000000000000000000000000000000000000000000000000000000000000000000000000000000000000000000000000000000000000000000000000000000000000000000000000000000000000000000000000000000000000000000000000000000000000000000000000000000000000000000000000000000000000000000000000000000000000000000000000000000000000000000000000000000000000000000000000000000000000000000000000000000000000000000
000000000000000000000000000000000000000000000000000000000000000000000000000000000000000000000000000000000000000000000000000000000000000000000000000000000000000000000000000000000000000000000000000000000000000000000000000000000000000000000000000000000000000000000000000000000000000000000000000000000000000000000000000000000000000000000000000000000000000000000000000000000000000000000000000000000000000000000000000000000000000000000000000000000000000000000000000000000000000000000000000000000000000000000000000000000000000000000000000000000000000000000000000000000000000000000000000000000000000000000000000000000000000
000000000000000000000000000000000000000000000000000000000000000000000000000000000000000000000000000000000000000000000000000000000000000000000000000000000000000000000000000000000000000000000000000000000000000000000000000000000000000000000000000000000000000000000000000000000000000000000000000000000000000000000000000000000000000000000000000000000000000000000000000000000000000000000000000000000000000000000000000000000000000000000000000000000000000000000000000000000000000000000000000000000000000000000000000000000000000000000000000000000000000000000000000000000000000000000000000000000000000000000000000000000000000
000000000000000000000000000000000000000000000000000000000000000000000000000000000000000000000000000000000000000000000000000000000000000000000000000000000000000000000000000000000000000000000000000000000000000000000000000000000000000000000000000000000000000000000000000000000000000000000000000000000000000000000000000000000000000000000000000000000000000000000000000000000000000000000000000000000000000000000000000000000000000000000000000000000000000000000000000000000000000000000000000000000000000000000000000000000000000000000000000000000000000000000000000000000000000000000000000000000000000000000000000000000000000
000000000000000000000000000000000000000000000000000000000000000000000000000000000000000000000000000000000000000000000000000000000000000000000000000000000000000000000000000000000000000000000000000000000000000000000000000000000000000000000000000000000000000000000000000000000000000000000000000000000000000000000000000000000000000000000000000000000000000000000000000000000000000000000000000000000000000000000000000000000000000000000000000000000000000000000000000000000000000000000000000000000000000000000000000000000000000000000000000000000000000000000000000000000000000000000000000000000000000000000000000000000000000
000000000000000000000000000000000000000000000000000000000000000000000000000000000000000000000000000000000000000000000000000000000000000000000000000000000000000000000000000000000000000000000000000000000000000000000000000000000000000000000000000000000000000000000000000000000000000000000000000000000000000000000000000000000000000000000000000000000000000000000000000000000000000000000000000000000000000000000000000000000000000000000000000000000000000000000000000000000000000000000000000000000000000000000000000000000000000000000000000000000000000000000000000000000000000000000000000000000000000000000000000000000000000
000000000000000000000000000000000000000000000000000000000000000000000000000000000000000000000000000000000000000000000000000000000000000000000000000000000000000000000000000000000000000000000000000000000000000000000000000000000000000000000000000000000000000000000000000000000000000000000000000000000000000000000000000000000000000000000000000000000000000000000000000000000000000000000000000000000000000000000000000000000000000000000000000000000000000000000000000000000000000000000000000000000000000000000000000000000000000000000000000000000000000000000000000000000000000000000000000000000000000000000000000000000000000
000000000000000000000000000000000000000000000000000000000000000000000000000000000000000000000000000000000000000000000000000000000000000000000000000000000000000000000000000000000000000000000000000000000000000000000000000000000000000000000000000000000000000000000000000000000000000000000000000000000000000000000000000000000000000000000000000000000000000000000000000000000000000000000000000000000000000000000000000000000000000000000000000000000000000000000000000000000000000000000000000000000000000000000000000000000000000000000000000000000000000000000000000000000000000000000000000000000000000000000000000000000000000
000000000000000000000000000000000000000000000000000000000000000000000000000000000000000000000000000000000000000000000000000000000000000000000000000000000000000000000000000000000000000000000000000000000000000000000000000000000000000000000000000000000000000000000000000000000000000000000000000000000000000000000000000000000000000000000000000000000000000000000000000000000000000000000000000000000000000000000000000000000000000000000000000000000000000000000000000000000000000000000000000000000000000000000000000000000000000000000000000000000000000000000000000000000000000000000000000000000000000000000000000000000000000
