60
223
0000000000000000000000000000000000000000000000000000000000000000000000000000000000000000000000000000000000000000000000000000000000000000000000000000000000000000000000000000000000000000000000000000000000000000000000000000000
0000000000000000000000000000000000000000000000000000000000000000000000000000000000000000000000000000000000000000000000000000000000000000000000000000000000000000000000000000000000000000000000000000000000000000000000000000000
0000000000000000000000000000000000000000000000000000000000000000000000000000000000000000000000000000000000000000000000000000000000000000000000000000000000000000000000000000000000000000000000000000000000000000000000000000000
0000000000000000000000000000000000000000000000000000000000000000000000000000000000000000000000000000000000000000000000000000000000000000000000000000000000000000000000000000000000000000000000000000000000000000000000000000000
0000000000000000000000000000000000000000000000000000000000000000000000000000000000000000000000000000000000000000000000000000000000000000000000000000000000000000000000000000000000000000000000000000000000000000000000000000000
0000111111111100000000000111000011110000000000011100000011111111111110000000111000000000000000000000000011111110000011111111111111111110000111100000000000011100000000111111111110000000000000011100000000000001111111000000000
0001111111111111000000001111000001111000000000111100000111111111111110000001111000000000000000000000001111111111100011111111111111111110000111100000000000011100000001111111111111100000000000111100000000001111111111111000000
0001111111111111100000001111000001111000000000111000000111111111111110000001111000000000000000000000011111111111100011111111111111111110000111100000000000011100000001111111111111111000000000111100000000011111111111111100000
0001111000000111110000001111000000111100000001111000000111100000000000000001111000000000000000000000011110000011110000000000111000000000000111100000000000011100000001111000000011111100000000111100000000111110000001111110000
0001111000000011110000001111000000011100000001110000000111100000000000000001111000000000000000000000111100000000100000000000111000000000000111100000000000011100000001111000000000111110000000111100000001111100000000011111000
0001111000000001111000001111000000011110000011110000000111100000000000000001111000000000000000000000111100000000000000000000111000000000000111100000000000011100000001111000000000011110000000111100000011111000000000001111000
0001111000000001111000001111000000001111000111100000000111100000000000000001111000000000000000000000111000000000000000000000111000000000000111100000000000011100000001111000000000001111000000111100000011110000000000000111100
0001111000000001111000001111000000001111000111000000000111100000000000000001111000000000000000000000111100000000000000000000111000000000000111100000000000011100000001111000000000001111000000111100000011100000000000000111100
0001111000000001111000001111000000000111101111000000000111100000000000000001111000000000000000000000111110000000000000000000111000000000000111100000000000011100000001111000000000000111000000111100000111100000000000000011100
0001111000000001111000001111000000000011111110000000000111100000000000000001111000000000000000000000011111000000000000000000111000000000000111100000000000011100000001111000000000000111100000111100000111100000000000000011100
0001111000000011110000001111000000000011111110000000000111111111111100000001111000000000000000000000001111110000000000000000111000000000000111100000000000011100000001111000000000000111100000111100000111100000000000000011100
0001111000000111110000001111000000000001111100000000000111111111111100000001111000000000000000000000000111111100000000000000111000000000000111100000000000011100000001111000000000000111100000111100000111100000000000000011100
0001111111111111100000001111000000000001111100000000000111111111111100000001111000000000000000000000000011111111000000000000111000000000000111100000000000011100000001111000000000000111100000111100000111000000000000000011110
0001111111111111000000001111000000000011111100000000000111100000000000000001111000000000000000000000000000111111100000000000111000000000000111100000000000011100000001111000000000000111100000111100000111100000000000000011100
0001111111111000000000001111000000000011111110000000000111100000000000000001111000000000000000000000000000001111110000000000111000000000000111100000000000011100000001111000000000000111100000111100000111100000000000000011100
0001111000000000000000001111000000000111101111000000000111100000000000000001111000000000000000000000000000000011110000000000111000000000000111100000000000011100000001111000000000000111100000111100000111100000000000000011100
0001111000000000000000001111000000000111001111000000000111100000000000000001111000000000000000000000000000000001111000000000111000000000000111100000000000011100000001111000000000000111000000111100000111100000000000000111100
0001111000000000000000001111000000001111000111100000000111100000000000000001111000000000000000000000000000000001111000000000111000000000000111100000000000011100000001111000000000001111000000111100000011100000000000000111100
0001111000000000000000001111000000011110000011100000000111100000000000000001111000000000000000000000000000000001111000000000111000000000000011100000000000011100000001111000000000001111000000111100000011110000000000000111000
0001111000000000000000001111000000011100000011110000000111100000000000000001111000000000000000000000000000000001111000000000111000000000000011110000000000111100000001111000000000011110000000111100000011110000000000001111000
0001111000000000000000001111000000111100000001111000000111100000000000000001111000000000000000000000100000000001110000000000111000000000000011111000000001111000000001111000000000111110000000111100000001111000000000011110000
0001111000000000000000001111000000111000000001111000000111100000000000000001111000000000000000000001111000000111110000000000111000000000000001111100000011111000000001111000000011111100000000111100000001111110000001111110000
0001111000000000000000001111000001111000000000111100000111111111111110000001111111111111000000000000111111111111100000000000111000000000000000111111111111110000000001111111111111111000000000111100000000111111111111111100000
0001111000000000000000001111000011110000000000111100000111111111111110000001111111111111000000000000111111111111000000000000111000000000000000011111111111000000000001111111111111100000000000111100000000001111111111110000000
0001111000000000000000000111000011110000000000011110000011111111111110000000111111111111000000000000000111111100000000000000111000000000000000000111111100000000000000111111111100000000000000011100000000000011111111000000000
0000000000000000000000000000000000000000000000000000000000000000000000000000000000000000000000000000000000000000000000000000000000000000000000000000000000000000000000000000000000000000000000000000000000000000000000000000000
0000000000000000000000000000000000000000000000000000000000000000000000000000000000000000000000000000000000000000000000000000000000000000000000000000000000000000000000000000000000000000000000000000000000000000000000000000000
0000000000000000000000000000000000000000000000000000000000000000000000000000000000000000000000000000000000000000000000000000000000000000000000000000000000000000000000000000000000000000000000000000000000000000000000000000000
0000000000000000000000000000000000000000000000000000000000000000000000000000000000000000000000000000000000000000000000000000000000000000000000000000000000000000000000000000000000000000000000000000000000000000000000000000000
0000000000000000000000000000000000000000000000000000000000000000000000000000000000000000000000000000000000000000000000000000000000000000000000000000000000000000000000000000000000000000000000000000000000000000000000000000000
0000000000000000000000000000000000000000000000000000000000000000000000000000000000000000000000000000000000000000000000000000000000000000000000000000000000000000000000000000000000000000000000000000000000000000000000000000000
0000000000000000000000000000000000000000000000000000000000000000000000000000000000000000000000000000000000000000000000000000000000000000000000000000000000000000000000000000000000000000000000000000000000000000000000000000000
0000000000000000000000000000000000000000000000000000000000000000000000000000000000000000000000000000000000000000000000000000000000000000000000000000000000000000000000000000000000000000000000000000000000000000000000000000000
0000000000000000000000000000000000000000000000000000000000000000000000000000000000000000000000000000000000000000000000000000000000000000000000000000000000000000000000000000000000000000000000000000000000000000000000000000000
0000000000000000000000000000000000000000000000000000000000000000000000000000000000000000000000000000000000000000000000000000000000000000000000000000000000000000000000000000000000000000000000000000000000000000000000000000000
0000000000000000000000000000000000000000000000000000000000000000000000000000000000000000000000000000000000000000000000000000000000000000000000000000000000000000000000000000000000000000000000000000000000000000000000000000000
0000000000000000000000000000000000000000000000000000000000000000000000000000000000000000000000000000000000000000000000000000000000000000000000000000000000000000000000000000000000000000000000000000000000000000000000000000000
0000000000000000000000000000000000000000000000000000000000000000000000000000000000000000000000000000000000000000000000000000000000000000000000000000000000000000000000000000000000000000000000000000000000000000000000000000000
0000000000000000000000000000000000000000000000000000000000000000000000000000000000000000000000000000000000000000000000000000000000000000000000000000000000000000000000000000000000000000000000000000000000000000000000000000000
0000000000000000000000000000000000000000000000000000000000000000000000000000000000000000000000000000000000000000000000000000000000000000000000000000000000000000000000000000000000000000000000000000000000000000000000000000000
0000000000000000000000000000000000000000000000000000000000000000000000000000000000000000000000000000000000000000000000000000000000000000000000000000000000000000000000000000000000000000000000000000000000000000000000000000000
0000000000000000000000000000000000000000000000000000000000000000000000000000000000000000000000000000000000000000000000000000000000000000000000000000000000000000000000000000000000000000000000000000000000000000000000000000000
0000000000000000000000000000000000000000000000000000000000000000000000000000000000000000000000000000000000000000000000000000000000000000000000000000000000000000000000000000000000000000000000000000000000000000000000000000000
0000000000000000000000000000000000000000000000000000000000000000000000000000000000000000000000000000000000000000000000000000000000000000000000000000000000000000000000000000000000000000000000000000000000000000000000000000000
0000000000000000000000000000000000000000000000000000000000000000000000000000000000000000000000000000000000000000000000000000000000000000000000000000000000000000000000000000000000000000000000000000000000000000000000000000000
0000000000000000000000000000000000000000000000000000000000000000000000000000000000000000000000000000000000000000000000000000000000000000000000000000000000000000000000000000000000000000000000000000000000000000000000000000000
0000000000000000000000000000000000000000000000000000000000000000000000000000000000000000000000000000000000000000000000000000000000000000000000000000000000000000000000000000000000000000000000000000000000000000000000000000000
0000000000000000000000000000000000000000000000000000000000000000000000000000000000000000000000000000000000000000000000000000000000000000000000000000000000000000000000000000000000000000000000000000000000000000000000000000000
0000000000000000000000000000000000000000000000000000000000000000000000000000000000000000000000000000000000000000000000000000000000000000000000000000000000000000000000000000000000000000000000000000000000000000000000000000000
0000000000000000000000000000000000000000000000000000000000000000000000000000000000000000000000000000000000000000000000000000000000000000000000000000000000000000000000000000000000000000000000000000000000000000000000000000000
0000000000000000000000000000000000000000000000000000000000000000000000000000000000000000000000000000000000000000000000000000000000000000000000000000000000000000000000000000000000000000000000000000000000000000000000000000000
0000000000000000000000000000000000000000000000000000000000000000000000000000000000000000000000000000000000000000000000000000000000000000000000000000000000000000000000000000000000000000000000000000000000000000000000000000000
0000000000000000000000000000000000000000000000000000000000000000000000000000000000000000000000000000000000000000000000000000000000000000000000000000000000000000000000000000000000000000000000000000000000000000000000000000000
0000000000000000000000000000000000000000000000000000000000000000000000000000000000000000000000000000000000000000000000000000000000000000000000000000000000000000000000000000000000000000000000000000000000000000000000000000000
0000000000000000000000000000000000000000000000000000000000000000000000000000000000000000000000000000000000000000000000000000000000000000000000000000000000000000000000000000000000000000000000000000000000000000000000000000000
